00:00:00 0.0 0.0 0.0
00:00:05 0.3336 0.059041966021422865 0.059041966021422865
00:00:12 0.6672 0.03537427308420175 -0.023667692937221117
00:00:17 1.0008 0.011793840900246192 -0.023580432183955558
00:00:23 1.3344 -0.0519198846885898 -0.06371372558883599
00:00:29 1.6680000000000001 -0.04187065795272127 0.010049226735868534
00:00:36 2.0016000000000003 0.04746688791650622 0.08933754586922749
00:00:41 2.3352000000000004 0.009886636804675275 -0.03758025111183094
00:00:47 2.6688000000000005 0.026891236402598235 0.01700459959792296
00:00:54 3.0024000000000006 -0.015792783624778577 -0.04268402002737681
00:00:59 3.3360000000000007 0.03066250792767374 0.046455291552452316
00:01:05 3.669600000000001 0.049728820456146204 0.019066312528472466
00:01:11 4.0032000000000005 0.039823246897191154 -0.00990557355895505
00:01:17 4.3368 0.035995432579919516 -0.0038278143172716383
00:01:24 4.6704 0.03645847209688435 4.630395169648374E-4
00:01:29 5.004 -0.011402967015741616 -0.04786143911262597
00:01:36 5.337599999999999 -0.04564293251837211 -0.0342399655026305
00:01:41 5.671199999999999 0.05721142454769305 0.10285435706606516
00:01:48 6.004799999999999 0.05480799883555957 -0.002403425712133478
00:01:54 6.338399999999998 -0.07632998932691996 -0.13113798816247954
00:01:59 6.671999999999998 0.025342762611928176 0.10167275193884814
00:02:06 7.005599999999998 -0.00973268369756323 -0.03507544630949141
00:02:11 7.339199999999997 0.026711013163883912 0.03644369686144714
00:02:17 7.672799999999997 -0.01960620013434126 -0.04631721329822518
00:02:23 8.006399999999998 -0.015841602942494742 0.0037645971918465193
