time realMass modelMass modelMassFirstDerivative massDeviation deviationOfMassDeviation massFirstDerivativeDeviation deviationOfMassFirstDerivativeDeviation massSecondDerivativeDeviation deviationOfMassSecondDerivativeDeviation integralPartOfThePower proportionalPartOfThePower differentialPartOfThePower powerDeviation power V_upper length meltLevelHeight radiusFromModelradiusFromReal radius
00:00:00 0.8272526818143581 0.8272526818143581 0.03259694301391981 0.0 0.0 0.0 0.0 0.0 0.0 0.0 0.0 0.0 0.0 0.0 0.0556 0.0 0.0 0.0 12.319893787777815 6.67
00:00:05 1.3770861360264142 1.022834339897877 0.03259694301391981 0.3542517961285372 0.3542517961285372 0.059041966021422865 0.059041966021422865 0.009840327670237145 0.009840327670237145 7.085035922570744E-4 1.1808393204284574E-4 1.9680655340474288E-5 8.462681796403944E-4 0.0 0.0556 0.3336 0.0 11.552778886484413 9.856219416971665 6.67
00:00:12 1.7849134326151435 1.2184159979813958 0.03259694301391981 0.5664974346337477 0.2122456385052105 0.03537427308420175 -0.023667692937221117 -0.003944615489536853 -0.013784943159773997 4.24491277010421E-4 -4.7335385874442235E-5 -2.7569886319547994E-5 3.4958600481643077E-4 0.0 0.0556 0.6672 0.0 11.55277888648441 8.988991061417032 6.67
00:00:17 2.0512581361001394 1.4139976560649146 0.03259694301391981 0.6372604800352248 0.07076304540147715 0.011793840900246192 -0.023580432183955558 -0.00393007203065926 1.4543458877593583E-5 1.4152609080295432E-4 -4.716086436791112E-5 2.9086917755187167E-8 9.439431335279838E-5 0.0 0.0556 1.0008 0.0 11.55277888648441 6.018366339411865 6.67
00:00:23 1.9353204860521194 1.6095793141484334 0.03259694301391981 0.325741171903686 -0.31151930813153883 -0.0519198846885898 -0.06371372558883599 -0.010618954264805998 -0.006688882234146739 -6.230386162630777E-4 -1.27427451177672E-4 -1.3377764468293477E-5 -7.638438319090431E-4 0.0 0.0556 1.3344 0.0 11.55277888648441 4.2171549585088135 6.67
00:00:29 1.8796781964193106 1.8051609722319522 0.03259694301391981 0.0745172241873584 -0.2512239477163276 -0.04187065795272127 0.010049226735868534 0.0016748711226447558 0.012293825387450753 -5.024478954326553E-4 2.009845347173707E-5 2.4587650774901507E-5 -4.577617911860167E-4 0.0 0.0556 1.6680000000000001 0.0 11.55277888648441 8.622008339545285 6.67
00:00:36 2.360061182001867 2.000742630315471 0.03259694301391981 0.3593185516863957 0.2848013274990373 0.04746688791650622 0.08933754586922749 0.014889590978204581 0.013214719855559826 5.696026549980747E-4 1.78675091738455E-4 2.642943971111965E-5 7.747071864476493E-4 0.0 0.0556 2.0016000000000003 0.0 11.552778886484417 10.250023994526781 6.67
00:00:41 2.6149626609134375 2.19632428839899 0.03259694301391981 0.41863837251444735 0.05931982082805165 0.009886636804675275 -0.03758025111183094 -0.006263375185305157 -0.02115296616350974 1.186396416561033E-4 -7.516050222366189E-5 -4.230593232701948E-5 1.1732071054219409E-6 0.0 0.0556 2.3352000000000004 0.0 11.552778886484417 8.22191536042453 6.67
00:00:47 2.971891737412546 2.391905946482509 0.03259694301391981 0.5799857909300368 0.16134741841558942 0.026891236402598235 0.01700459959792296 0.00283409993298716 0.009097475118292318 3.2269483683117884E-4 3.400919919584592E-5 1.8194950236584635E-5 3.748989862636094E-4 0.0 0.0556 2.6688000000000005 0.0 11.552778886484417 1.9869349623636086 6.67
00:00:54 3.0727166937473935 2.587487604566028 0.03259694301391981 0.4852290891813653 -0.09475670174867146 -0.015792783624778577 -0.04268402002737681 -0.007114003337896135 -0.009948103270883295 -1.8951340349734292E-4 -8.536804005475362E-5 -1.989620654176659E-5 -2.9477765009386315E-4 0.0 0.0556 3.0024000000000006 0.0 11.552778886484417 7.818175303584839 6.67
00:00:59 3.452273399396955 2.7830692626495472 0.03259694301391981 0.6692041367474078 0.18397504756604244 0.03066250792767374 0.046455291552452316 0.007742548592075386 0.014856551929971522 3.679500951320849E-4 9.291058310490463E-5 2.9713103859943044E-5 4.905737820969326E-4 0.0 0.0556 3.3360000000000007 0.0 11.552778886484417 7.663966416840226 6.67
00:01:05 3.946227980217351 2.9786509207330663 0.03259694301391981 0.967577059484285 0.2983729227368772 0.049728820456146204 0.019066312528472466 0.003177718754745411 -0.004564829837329976 5.967458454737545E-4 3.813262505694493E-5 -9.129659674659951E-6 6.257488108560395E-4 0.0 0.0556 3.669600000000001 0.0 11.552778886484417 12.97851418546097 6.67
00:01:11 4.380749119684017 3.1742325788165853 0.03259694301391981 1.2065165408674319 0.2389394813831469 0.039823246897191154 -0.00990557355895505 -0.0016509289264925082 -0.0048286476812379195 4.778789627662938E-4 -1.98111471179101E-5 -9.65729536247584E-6 4.484105202859079E-4 0.0 0.0556 4.0032000000000005 0.0 11.552778886484417 12.411573996660481 6.67
00:01:17 4.792303373247053 3.3698142369001043 0.03259694301391981 1.422489136346949 0.21597259547951708 0.035995432579919516 -0.0038278143172716383 -6.379690528786064E-4 0.0010129598736139018 4.3194519095903416E-4 -7.655628634543277E-6 2.0259197472278037E-6 4.263154820717187E-4 0.0 0.0556 4.3368 0.0 11.552778886484417 10.733377680135716 6.67
00:01:24 5.206635863911878 3.5653958949836233 0.03259694301391981 1.641239968928255 0.21875083258130612 0.03645847209688435 4.630395169648374E-4 7.717325282747291E-5 7.151423057060793E-4 4.3750166516261224E-4 9.260790339296749E-7 1.4302846114121585E-6 4.3985802880795407E-4 0.0 0.0556 4.6704 0.0 11.552778886484417 8.772860776693179 6.67
00:01:29 5.333799719900948 3.7609775530671423 0.03259694301391981 1.5728221668338054 -0.0684178020944497 -0.011402967015741616 -0.04786143911262597 -0.007976906518770996 -0.008054079771598468 -1.368356041888994E-4 -9.572287822525194E-5 -1.6108159543196937E-5 -2.4866664195734826E-4 0.0 0.0556 5.004 0.0 11.552778886484417 5.665545105780223 6.67
00:01:36 5.255523782874234 3.9565592111506613 0.03259694301391981 1.2989645717235727 -0.27385759511023267 -0.04564293251837211 -0.0342399655026305 -0.0057066609171050825 0.002270245601665913 -5.477151902204653E-4 -6.8479931005261E-5 4.540491203331826E-6 -6.116546300223945E-4 0.0 0.0556 5.337599999999999 0.0 11.552778886484417 1.0443095406038732 6.67
00:01:41 5.794373988243911 4.15214086923418 0.03259694301391981 1.642233119009731 0.3432685472861583 0.05721142454769305 0.10285435706606516 0.017142392844344195 0.022849053761449276 6.865370945723166E-4 2.0570871413213033E-4 4.569810752289855E-5 9.379439162273455E-4 0.0 0.0556 5.671199999999999 0.0 11.552778886484402 11.339213852597307 6.67
00:01:48 6.318803639340787 4.347722527317699 0.03259694301391981 1.9710811120230884 0.32884799301335743 0.05480799883555957 -0.002403425712133478 -4.005709520222463E-4 -0.01754296379636644 6.576959860267148E-4 -4.806851424266956E-6 -3.508592759273288E-5 6.17803207009715E-4 0.0 0.0556 6.004799999999999 0.0 11.552778886484417 11.769118541828792 6.67
00:01:54 6.056405361462787 4.543304185401218 0.03259694301391981 1.5131011760615687 -0.45797993596151976 -0.07632998932691996 -0.13113798816247954 -0.021856331360413258 -0.021455760408391013 -9.159598719230396E-4 -2.622759763249591E-4 -4.2911520816782025E-5 -0.0012211473690647806 0.0 0.0556 6.338399999999998 0.0 11.552778886484417 8.718523345464076 6.67
00:01:59 6.404043595217875 4.738885843484737 0.03259694301391981 1.6651577517331377 0.15205657567156905 0.025342762611928176 0.10167275193884814 0.01694545865647469 0.03880179001688795 3.041131513431381E-4 2.0334550387769628E-4 7.76035800337759E-5 5.850622352546103E-4 0.0 0.0556 6.671999999999998 0.0 11.552778886484417 9.2407100352334 6.67
00:02:06 6.541229151116014 4.934467501568256 0.03259694301391981 1.6067616495477584 -0.058396102185379384 -0.00973268369756323 -0.03507544630949141 -0.005845907718248568 -0.02279136637472326 -1.1679220437075878E-4 -7.015089261898282E-5 -4.558273274944652E-5 -2.3252582973918814E-4 0.0 0.0556 7.005599999999998 0.0 11.552778886484417 2.4725594641970208 6.67
00:02:11 6.897076888182837 5.130049159651775 0.03259694301391981 1.7670277285310618 0.16026607898330347 0.026711013163883912 0.03644369686144714 0.0060739494769078564 0.011919857195156425 3.2053215796660697E-4 7.288739372289429E-5 2.383971439031285E-5 4.172592660798141E-4 0.0 0.0556 7.339199999999997 0.0 11.552778886484417 9.852881975754812 6.67
00:02:17 6.975021345460308 5.325630817735294 0.03259694301391981 1.6493905277250143 -0.11763720080604756 -0.01960620013434126 -0.04631721329822518 -0.007719535549704196 -0.013793485026612052 -2.352744016120951E-4 -9.263442659645035E-5 -2.7586970053224105E-5 -3.554957982617696E-4 0.0 0.0556 7.672799999999997 0.0 11.552778886484417 2.5690851894845212 6.67
00:02:23 7.075553385888859 5.521212475818813 0.03259694301391981 1.5543409100700458 -0.09504961765496844 -0.015841602942494742 0.0037645971918465193 6.274328653077532E-4 0.008346968415011948 -1.900992353099369E-4 7.5291943836930384E-6 1.6693936830023897E-5 -1.6587610409621995E-4 0.0 0.0556 8.006399999999998 0.0 11.552778886484417 7.76002172936331 6.67
