00:00:00 0.8272526818143581 0.0 0.0
00:00:05 1.3770861360264142 0.0 0.3542517961285372
00:00:12 1.7849134326151435 0.0 0.5664974346337477
00:00:17 2.0512581361001394 0.0 0.6372604800352248
00:00:23 1.9353204860521194 0.0 0.325741171903686
00:00:29 1.8796781964193106 0.0 0.0745172241873584
00:00:36 2.360061182001867 0.0 0.3593185516863957
00:00:41 2.6149626609134375 0.0 0.41863837251444735
00:00:47 2.971891737412546 0.0 0.5799857909300368
00:00:54 3.0727166937473935 0.0 0.4852290891813653
00:00:59 3.452273399396955 0.0 0.6692041367474078
00:01:05 3.946227980217351 0.0 0.967577059484285
00:01:11 4.380749119684017 0.0 1.2065165408674319
00:01:17 4.792303373247053 0.0 1.422489136346949
00:01:24 5.206635863911878 0.0 1.641239968928255
00:01:29 5.333799719900948 0.0 1.5728221668338054
00:01:36 5.255523782874234 0.0 1.2989645717235727
00:01:41 5.794373988243911 0.0 1.642233119009731
00:01:48 6.318803639340787 0.0 1.9710811120230884
00:01:54 6.056405361462787 0.0 1.5131011760615687
00:01:59 6.404043595217875 0.0 1.6651577517331377
00:02:06 6.541229151116014 0.0 1.6067616495477584
00:02:11 6.897076888182837 0.0 1.7670277285310618
00:02:17 6.975021345460308 0.0 1.6493905277250143
00:02:23 7.075553385888859 0.0 1.5543409100700458
