00:00:00 6.67 0.0 0.0
00:00:05 6.67 0.0 0.0
00:00:12 6.67 0.0 0.0
00:00:17 6.67 0.0 0.0
00:00:23 6.67 0.0 0.0
00:00:29 6.67 0.0 0.0
00:00:36 6.67 0.0 0.0
00:00:41 6.67 0.0 0.0
00:00:47 6.67 0.0 0.0
00:00:54 6.67 0.0 0.0
00:00:59 6.67 0.0 0.0
00:01:05 6.67 0.0 0.0
00:01:11 6.67 0.0 0.0
00:01:17 6.67 0.0 0.0
00:01:24 6.67 0.0 0.0
00:01:29 6.67 0.0 0.0
00:01:36 6.67 0.0 0.0
00:01:41 6.67 0.0 0.0
00:01:48 6.67 0.0 0.0
00:01:54 6.67 0.0 0.0
00:01:59 6.67 0.0 0.0
00:02:06 6.67 0.0 0.0
00:02:11 6.67 0.0 0.0
00:02:17 6.67 0.0 0.0
00:02:23 6.67 0.0 0.0
